5 0.512255 0.979779 0.016340 0.030637
5 0.684641 0.864890 0.027778 0.020221
5 0.419935 0.587929 0.011438 0.023897
5 0.457108 0.269301 0.026961 0.011642
5 0.775735 0.333946 0.033497 0.019608
5 0.883987 0.829963 0.019608 0.021446
5 0.863562 0.796569 0.017974 0.031863
5 0.898693 0.816789 0.029412 0.013480
5 0.879085 0.563725 0.045752 0.008578
5 0.773284 0.463542 0.023693 0.022672
5 0.735703 0.254289 0.020425 0.008578
5 0.837418 0.085478 0.026144 0.004289
5 0.886438 0.150429 0.021242 0.007966
5 0.761029 0.088848 0.008987 0.008578
5 0.969771 0.251225 0.021242 0.006127
5 0.225899 0.815257 0.020425 0.022672
