6 0.500001 0.500000 0.299833 0.500835
5 0.088778 0.584591 0.046902 0.090452
5 0.125629 0.480739 0.067002 0.097155
5 0.209382 0.465660 0.100503 0.060299
5 0.209382 0.321606 0.026801 0.093803
5 0.303181 0.412058 0.053602 0.053602
5 0.291458 0.209378 0.063652 0.097155
5 0.329982 0.346734 0.040201 0.056953
5 0.324959 0.340031 0.063652 0.043553
5 0.314909 0.306533 0.090453 0.043553
5 0.247906 0.314909 0.023451 0.127301
5 0.095478 0.658290 0.060302 0.043553
5 0.123952 0.675042 0.063652 0.050250
5 0.219428 0.661642 0.046902 0.023449
