3 0.504112 0.467250 0.110197 0.023500
5 0.541667 0.492750 0.008772 0.011000
5 0.660088 0.477000 0.024123 0.009000
5 0.265351 0.573250 0.013158 0.013000
5 0.374178 0.618250 0.030154 0.010500
5 0.377467 0.622125 0.020285 0.007250
5 0.205318 0.725500 0.050987 0.008000
5 0.223410 0.712875 0.021382 0.014750
5 0.120340 0.792250 0.022478 0.019000
5 0.358827 0.950625 0.044408 0.015750
5 0.691612 0.937250 0.031250 0.015000
5 0.253289 0.572000 0.012061 0.009500
5 0.574836 0.463375 0.015899 0.009750
5 0.628838 0.395250 0.010965 0.006000
0 0.022752 0.767125 0.024671 0.011250
