6 0.507149 0.524663 0.073121 0.091605
5 0.406863 0.540135 0.011438 0.016544
5 0.415850 0.521140 0.016340 0.017770
5 0.436275 0.518382 0.024510 0.011029
5 0.436275 0.492034 0.006536 0.017157
5 0.459150 0.508578 0.013072 0.009804
5 0.456291 0.471507 0.015523 0.017770
5 0.465686 0.496630 0.009804 0.010417
5 0.464461 0.495404 0.015523 0.007966
5 0.462010 0.489277 0.022059 0.007966
5 0.445670 0.490809 0.005719 0.023284
5 0.408497 0.553615 0.014706 0.007966
5 0.415441 0.556679 0.015523 0.009191
5 0.438725 0.554228 0.011438 0.004289
5 0.174020 0.605699 0.006536 0.007966
5 0.572304 0.066789 0.005719 0.011029
