4 0.388702 0.440385 0.375481 0.475641
3 0.241346 0.560897 0.061538 0.052564
3 0.246154 0.638301 0.047115 0.105449
3 0.291346 0.629968 0.044231 0.105449
3 0.318029 0.633173 0.062981 0.088782
3 0.238101 0.720833 0.084375 0.063462
3 0.215264 0.796795 0.054567 0.094872
3 0.276442 0.811699 0.064423 0.115064
3 0.353606 0.828045 0.078365 0.109295
3 0.321394 0.731891 0.081250 0.090705
3 0.368269 0.699679 0.084615 0.087821
3 0.483534 0.601122 0.081490 0.115705
3 0.514303 0.777885 0.060817 0.122436
3 0.601683 0.402885 0.068750 0.125641
3 0.661418 0.345513 0.097837 0.110897
3 0.875962 0.476442 0.069231 0.139423
