0 0.050625 0.170333 0.048750 0.021333
0 0.109000 0.479167 0.037500 0.039667
0 0.237750 0.614500 0.089000 0.079667
0 0.329250 0.620000 0.169000 0.127333
0 0.433875 0.663167 0.091750 0.135667
0 0.361875 0.847667 0.168750 0.188000
0 0.569375 0.463667 0.034750 0.031333
0 0.637500 0.563667 0.015500 0.014000
0 0.701625 0.533000 0.013250 0.018000
0 0.878500 0.562333 0.043500 0.034667
7 0.550250 0.194000 0.013000 0.023333
0 0.102625 0.630167 0.044250 0.067000
0 0.217500 0.678500 0.043500 0.031000
0 0.684750 0.968833 0.082000 0.059667
0 0.898875 0.677000 0.060750 0.048667
0 0.406000 0.565000 0.041000 0.072000
0 0.354500 0.573333 0.036500 0.034667
0 0.418750 0.589667 0.033500 0.044000
0 0.384500 0.585000 0.026500 0.018000
0 0.578000 0.685000 0.038000 0.036000
0 0.625000 0.542000 0.030500 0.018000
7 0.866625 0.562333 0.055750 0.046667
