5 0.347724 0.126224 0.026774 0.012989
5 0.327644 0.165945 0.018072 0.011483
5 0.393909 0.234375 0.012718 0.014684
5 0.402443 0.267319 0.024431 0.015060
5 0.515395 0.328784 0.028782 0.017508
6 0.507028 0.391943 0.100402 0.051958
6 0.549364 0.386672 0.033133 0.045557
5 0.474732 0.441171 0.011044 0.020143
5 0.607932 0.589044 0.045181 0.010542
5 0.542503 0.643543 0.070281 0.022402
5 0.872657 0.715926 0.040495 0.030120
5 0.270415 0.438253 0.022088 0.016566
5 0.244980 0.388742 0.029451 0.011672
6 0.582831 0.682982 0.138889 0.080196
5 0.706325 0.743317 0.093373 0.027673
5 0.694444 0.983810 0.063588 0.032003
