6 0.179943 0.256893 0.024918 0.017463
6 0.731005 0.443474 0.027369 0.019301
0 0.535743 0.959406 0.102533 0.080576
5 0.654412 0.832414 0.013072 0.004289
5 0.635621 0.841299 0.014706 0.006127
5 0.633170 0.848652 0.014706 0.007353
5 0.629493 0.851716 0.010621 0.004902
5 0.600490 0.847120 0.014706 0.009191
5 0.624183 0.782169 0.011438 0.010417
5 0.624592 0.741728 0.017157 0.007966
5 0.731618 0.718137 0.010621 0.011029
5 0.747958 0.518689 0.004085 0.010417
5 0.218546 0.977635 0.017157 0.005515
5 0.632761 0.748468 0.008987 0.005515
